255 255 255 255 255 255 255 255 255 255 255 255 255 255 255 255
255 199 135 135 135 135 243 135 135 243 135 135 135 135 199 255
255 135 155 199 199  56 243  69  69 243  56 199 199 155 135 255
255 135 199   0 104  72 248  15 166 253  72 104   0 199 135 255
255 135 199 104 165  72 255 196 128 235  72 165 104 199 135 255
255 135  56  72  72  20 242 192 145 236  20  72  72  56 135 255
255 243 230 246 241 240 231   0  16 230 236 250 247 251 247 255
255 135  69  15 132 145 244  58 167 165  72 107  80 255 255 255
255 135 199 153  47 145 249 225 116 171 192 207 248 255 255 255
255 243 236 237 230 236 215  93  99 232 242 254 255  25 148 255
255 135  56  72  72  20 253 145 145   6  72  40   2  56 255 255
255 135 199 104 165  72 242 184  84 136 114 134  23 144 189 255
255 135 199   0 104  72 246 103 238 252   2 151 234  19 136 255
255 135 155 199 199  56 232  37 130  73  96 224 254 167 161 255
255 199 135 135 135 135 247 214 135 251 221 206 255 161 255 255
255 255 255 255 255 255 255 255 255 255 255 255 255 255 255 255
255 255 255 255 255 255 255 255 255 255 255 255 255 255 255 255
255 199 135 135 135 135 243 135 135 243 135 135 135 135 199 255
255 135 155 199 199  56 243  69  69 243  56 199 199 155 135 255
255 135 199   0 104  72 248  15 166 253  72 104   0 199 135 255
255 135 199 104 165  72 255 196 128 235  72 165 104 199 135 255
255 135  56  72  72  20 242 192 145 236  20  72  72  56 135 255
255 243 230 246 241 240 231   0  16 230 236 250 247 251 247 255
255 135  69  15 132 145 244  58 167 165  72 107  80 255 255 255
255 135 199 153  47 145 249 225 116 171 192 207 248 255 255 255
255 243 236 237 230 236 215  93  99 232 242 254 255  25 148 255
255 135  56  72  72  20 253 145 145   6  72  40   2  56 255 255
255 135 199 104 165  72 242 184  84 136 114 134  23 144 189 255
255 135 199   0 104  72 246 103 238 252   2 151 234  19 136 255
255 135 155 199 199  56 232  37 130  73  96 224 254 167 161 255
255 199 135 135 135 135 247 214 135 251 221 206 255 161 255 255
255 255 255 255 255 255 255 255 255 255 255 255 255 255 255 255
255 255 255 255 255 255 255 255 255 255 255 255 255 255 255 255
255 199 135 135 135 135 243 135 135 243 135 135 135 135 199 255
255 135 155 199 199  56 243  69  69 243  56 199 199 155 135 255
255 135 199   0 104  72 248  15 166 253  72 104   0 199 135 255
255 135 199 104 165  72 255 196 128 235  72 165 104 199 135 255
255 135  56  72  72  20 242 192 145 236  20  72  72  56 135 255
255 243 230 246 241 240 231   0  16 230 236 250 247 251 247 255
255 135  69  15 132 145 244  58 167 165  72 107  80 255 255 255
255 135 199 153  47 145 249 225 116 171 192 207 248 255 255 255
255 243 236 237 230 236 215  93  99 232 242 254 255  25 148 255
255 135  56  72  72  20 253 145 145   6  72  40   2  56 255 255
255 135 199 104 165  72 242 184  84 136 114 134  23 144 189 255
255 135 199   0 104  72 246 103 238 252   2 151 234  19 136 255
255 135 155 199 199  56 232  37 130  73  96 224 254 167 161 255
255 199 135 135 135 135 247 214 135 251 221 206 255 161 255 255
255 255 255 255 255 255 255 255 255 255 255 255 255 255 255 255

255 255 255 255 255 255 255 255 255 255 255 255 255 255 255 255
255 199 135 135 135 135 247 255 255 148 255 189 136 161 255 255
255 135 155 199 199  56 251 255 255  25  56 144  19 167 161 255
255 135 199   0 104  72 247  80 248 255   2  23 234 254 255 255
255 135 199 104 165  72 250 107 207 254  40 134 151 224 206 255
255 135  56  72  72  20 236  72 192 242  72 114   2  96 221 255
255 243 243 253 235 236 230 165 171 232   6 136 252  73 251 255
255 135  69 166 128 145  16 167 116  99 145  84 238 130 135 255
255 135  69  15 196 192   0  58 225  93 145 184 103  37 214 255
255 243 243 248 255 242 231 244 249 215 253 242 246 232 247 255
255 135  56  72  72  20 240 145 145 236  20  72  72  56 135 255
255 135 199 104 165  72 241 132  47 230  72 165 104 199 135 255
255 135 199   0 104  72 246  15 153 237  72 104   0 199 135 255
255 135 155 199 199  56 230  69 199 236  56 199 199 155 135 255
255 199 135 135 135 135 243 135 135 243 135 135 135 135 199 255
255 255 255 255 255 255 255 255 255 255 255 255 255 255 255 255
255 255 255 255 255 255 255 255 255 255 255 255 255 255 255 255
255 199 135 135 135 135 247 255 255 148 255 189 136 161 255 255
255 135 155 199 199  56 251 255 255  25  56 144  19 167 161 255
255 135 199   0 104  72 247  80 248 255   2  23 234 254 255 255
255 135 199 104 165  72 250 107 207 254  40 134 151 224 206 255
255 135  56  72  72  20 236  72 192 242  72 114   2  96 221 255
255 243 243 253 235 236 230 165 171 232   6 136 252  73 251 255
255 135  69 166 128 145  16 167 116  99 145  84 238 130 135 255
255 135  69  15 196 192   0  58 225  93 145 184 103  37 214 255
255 243 243 248 255 242 231 244 249 215 253 242 246 232 247 255
255 135  56  72  72  20 240 145 145 236  20  72  72  56 135 255
255 135 199 104 165  72 241 132  47 230  72 165 104 199 135 255
255 135 199   0 104  72 246  15 153 237  72 104   0 199 135 255
255 135 155 199 199  56 230  69 199 236  56 199 199 155 135 255
255 199 135 135 135 135 243 135 135 243 135 135 135 135 199 255
255 255 255 255 255 255 255 255 255 255 255 255 255 255 255 255
255 255 255 255 255 255 255 255 255 255 255 255 255 255 255 255
255 199 135 135 135 135 247 255 255 148 255 189 136 161 255 255
255 135 155 199 199  56 251 255 255  25  56 144  19 167 161 255
255 135 199   0 104  72 247  80 248 255   2  23 234 254 255 255
255 135 199 104 165  72 250 107 207 254  40 134 151 224 206 255
255 135  56  72  72  20 236  72 192 242  72 114   2  96 221 255
255 243 243 253 235 236 230 165 171 232   6 136 252  73 251 255
255 135  69 166 128 145  16 167 116  99 145  84 238 130 135 255
255 135  69  15 196 192   0  58 225  93 145 184 103  37 214 255
255 243 243 248 255 242 231 244 249 215 253 242 246 232 247 255
255 135  56  72  72  20 240 145 145 236  20  72  72  56 135 255
255 135 199 104 165  72 241 132  47 230  72 165 104 199 135 255
255 135 199   0 104  72 246  15 153 237  72 104   0 199 135 255
255 135 155 199 199  56 230  69 199 236  56 199 199 155 135 255
255 199 135 135 135 135 243 135 135 243 135 135 135 135 199 255
255 255 255 255 255 255 255 255 255 255 255 255 255 255 255 255

255 255 255 255 255 255 255 255 255 255 255 255 255 255 255 255
255 248 184 252 215 223 247 178 200 201 167 159 159 161 218 255
255 173 180 199 202  92 169 165  46 140 114 201 193 178 172 255
255 182 114 233 149 104 200 159 131 203 115  87   0 183 171 255
255 208 143 109 145 140  68  68 151 174 118 153 101 192 171 255
255 230  46 102  99  94  24 107 152 232  91 107 105 103 179 255
255 207 154 216 235 182 191 160  99 132 121 138 164 129 205 255
255 255 253 221 207 168 211 166 184 194 120  70 153 153 169 255
255 235 234 117 148 103 133 137  88 224 147 114  68  64 165 255
255 205 236 255 255 180 120  63  32 191 183 167 209 141 207 255
255 167 114 115 118  91 120  99 156 169  94 118 115 111 178 255
255 159 201  87 153 107 141 102 188 255 118 144  87 191 171 255
255 159 193   0 101 105 245 132  65 255 115  87   0 183 171 255
255 161 178 183 192 103 221 108  93 230 111 191 183 170 173 255
255 218 172 171 171 179 208 167 166 211 178 171 171 173 222 255
255 255 255 255 255 255 255 255 255 255 255 255 255 255 255 255
255 255 255 255 255 255 255 255 255 255 255 255 255 255 255 255
255 248 184 252 215 223 247 178 200 201 167 159 159 161 218 255
255 173 180 199 202  92 169 165  46 140 114 201 193 178 172 255
255 182 114 233 149 104 200 159 131 203 115  87   0 183 171 255
255 208 143 109 145 140  68  68 151 174 118 153 101 192 171 255
255 230  46 102  99  94  24 107 152 232  91 107 105 103 179 255
255 207 154 216 235 182 191 160  99 132 121 138 164 129 205 255
255 255 253 221 207 168 211 166 184 194 120  70 153 153 169 255
255 235 234 117 148 103 133 137  88 224 147 114  68  64 165 255
255 205 236 255 255 180 120  63  32 191 183 167 209 141 207 255
255 167 114 115 118  91 120  99 156 169  94 118 115 111 178 255
255 159 201  87 153 107 141 102 188 255 118 144  87 191 171 255
255 159 193   0 101 105 245 132  65 255 115  87   0 183 171 255
255 161 178 183 192 103 221 108  93 230 111 191 183 170 173 255
255 218 172 171 171 179 208 167 166 211 178 171 171 173 222 255
255 255 255 255 255 255 255 255 255 255 255 255 255 255 255 255
255 255 255 255 255 255 255 255 255 255 255 255 255 255 255 255
255 248 184 252 215 223 247 178 200 201 167 159 159 161 218 255
255 173 180 199 202  92 169 165  46 140 114 201 193 178 172 255
255 182 114 233 149 104 200 159 131 203 115  87   0 183 171 255
255 208 143 109 145 140  68  68 151 174 118 153 101 192 171 255
255 230  46 102  99  94  24 107 152 232  91 107 105 103 179 255
255 207 154 216 235 182 191 160  99 132 121 138 164 129 205 255
255 255 253 221 207 168 211 166 184 194 120  70 153 153 169 255
255 235 234 117 148 103 133 137  88 224 147 114  68  64 165 255
255 205 236 255 255 180 120  63  32 191 183 167 209 141 207 255
255 167 114 115 118  91 120  99 156 169  94 118 115 111 178 255
255 159 201  87 153 107 141 102 188 255 118 144  87 191 171 255
255 159 193   0 101 105 245 132  65 255 115  87   0 183 171 255
255 161 178 183 192 103 221 108  93 230 111 191 183 170 173 255
255 218 172 171 171 179 208 167 166 211 178 171 171 173 222 255
255 255 255 255 255 255 255 255 255 255 255 255 255 255 255 255

255 255 255 255 255 255 255 255 255 255 255 255 255 255 255 255
255 218 167 165 165 173 203 163 160 203 173 165 165 167 218 255
255 167 179 188 197 108 128 157  70 137 108 197 188 179 167 255
255 165 188   0  94 111 163 154  70 202 111  94   0 188 165 255
255 165 197  94 154 113 140  68 115 169 113 154  94 197 165 255
255 173 108 111 113  92 122 123 148 180  92 113 111 108 173 255
255 205 138 203 170 231 127 197 218 188 166 254 250 228 207 255
255 202  51 131 154 150 101 185  89  33 151 187  67  97 161 255
255 184 168 162  62 105 158 166 143  68 100 101 137 109 161 255
255 249 171 205  75  22 191 216 132 121 121 142 244 229 207 255
255 223 101 104 138  99 185 175 109 182  92 113 111 108 173 255
255 221 202 153 147 101 234 209 143 251 113 154  94 197 165 255
255 253 201 239 110 102 216 224 123 249 111  94   0 188 165 255
255 191 175 111 149  53 152 254 234 233 108 197 188 179 167 255
255 250 181 187 210 233 209 255 237 209 173 165 165 167 218 255
255 255 255 255 255 255 255 255 255 255 255 255 255 255 255 255
255 255 255 255 255 255 255 255 255 255 255 255 255 255 255 255
255 218 167 165 165 173 203 163 160 203 173 165 165 167 218 255
255 167 179 188 197 108 128 157  70 137 108 197 188 179 167 255
255 165 188   0  94 111 163 154  70 202 111  94   0 188 165 255
255 165 197  94 154 113 140  68 115 169 113 154  94 197 165 255
255 173 108 111 113  92 122 123 148 180  92 113 111 108 173 255
255 205 138 203 170 231 127 197 218 188 166 254 250 228 207 255
255 202  51 131 154 150 101 185  89  33 151 187  67  97 161 255
255 184 168 162  62 105 158 166 143  68 100 101 137 109 161 255
255 249 171 205  75  22 191 216 132 121 121 142 244 229 207 255
255 223 101 104 138  99 185 175 109 182  92 113 111 108 173 255
255 221 202 153 147 101 234 209 143 251 113 154  94 197 165 255
255 253 201 239 110 102 216 224 123 249 111  94   0 188 165 255
255 191 175 111 149  53 152 254 234 233 108 197 188 179 167 255
255 250 181 187 210 233 209 255 237 209 173 165 165 167 218 255
255 255 255 255 255 255 255 255 255 255 255 255 255 255 255 255
255 255 255 255 255 255 255 255 255 255 255 255 255 255 255 255
255 218 167 165 165 173 203 163 160 203 173 165 165 167 218 255
255 167 179 188 197 108 128 157  70 137 108 197 188 179 167 255
255 165 188   0  94 111 163 154  70 202 111  94   0 188 165 255
255 165 197  94 154 113 140  68 115 169 113 154  94 197 165 255
255 173 108 111 113  92 122 123 148 180  92 113 111 108 173 255
255 205 138 203 170 231 127 197 218 188 166 254 250 228 207 255
255 202  51 131 154 150 101 185  89  33 151 187  67  97 161 255
255 184 168 162  62 105 158 166 143  68 100 101 137 109 161 255
255 249 171 205  75  22 191 216 132 121 121 142 244 229 207 255
255 223 101 104 138  99 185 175 109 182  92 113 111 108 173 255
255 221 202 153 147 101 234 209 143 251 113 154  94 197 165 255
255 253 201 239 110 102 216 224 123 249 111  94   0 188 165 255
255 191 175 111 149  53 152 254 234 233 108 197 188 179 167 255
255 250 181 187 210 233 209 255 237 209 173 165 165 167 218 255
255 255 255 255 255 255 255 255 255 255 255 255 255 255 255 255
